# Energy (MeV) | mass attenuation coefficient (cm^2/g)
1.00000E-03  3.712E+03
1.03542E-03  3.386E+03
1.07210E-03  3.087E+03
1.50000E-03  1.251E+03
2.00000E-03  5.596E+02
2.14550E-03  4.583E+02
2.30297E-03  3.800E+02
2.47200E-03  3.102E+02
2.64140E-03  2.612E+02
2.82240E-03  2.158E+02
3.00000E-03  1.836E+02
3.60740E-03  1.073E+02
4.00000E-03  8.161E+01
5.00000E-03  4.224E+01
6.00000E-03  2.456E+01
8.00000E-03  1.042E+01
1.00000E-02  5.379E+00
1.50000E-02  1.699E+00
2.00000E-02  8.230E-01
3.00000E-02  3.790E-01
4.00000E-02  2.688E-01
5.00000E-02  2.264E-01
6.00000E-02  2.048E-01
8.00000E-02  1.823E-01
1.00000E-01  1.693E-01
1.50000E-01  1.492E-01
2.00000E-01  1.358E-01
3.00000E-01  1.175E-01
4.00000E-01  1.052E-01
5.00000E-01  9.598E-02
6.00000E-01  8.873E-02
8.00000E-01  7.793E-02
1.00000E+00  7.006E-02
1.25000E+00  6.265E-02
1.50000E+00  5.701E-02
2.00000E+00  4.895E-02
3.00000E+00  3.931E-02
4.00000E+00  3.369E-02
5.00000E+00  3.000E-02
6.00000E+00  2.741E-02
8.00000E+00  2.401E-02
1.00000E+01  2.193E-02
1.50000E+01  1.915E-02
2.00000E+01  1.787E-02
